1. 求矩阵的转置。

2. 写一个程序，判断C语言中的变量命名是否合法。

3. 编写一程序，将中缀表达式转化为后缀表达式（含括号情况）。从expr.in文件中读取输入，将结果输出到expr.out文件中。

输入示例：
a-b*(c+d)
输出示例：
abcd+*-

4. 给定两个数m和n，实现如下功能：如m=3，n=4时，输出

1 2 3
1 2 4
1 3 4
2 3 4

5. 给定一无向图的矩阵存储，求其最大连通分量。图的信息存储在文件graph.in中，文件的第一行给无向图的顶点数量n和边数k，顶点序号从0到n-1，
接下来分别给出k条边的两个顶点号。输出无向图中的最大连通分量的所有顶点号，输出到文件graph.out中。

输入示例:
10 6
0 1
0 2
4 5
4 6
5 7
8 9

输出示例:
4 5 7 6

6. 求连续子数组的最大和，比如[-2,1,-3,4,-1,2,1,-5,4]中的连续子数组[4,-1,2,1]的和最大，为6。数组中的数字保存在文件number.in中，
求出结果输出到文件number.out中。

输入示例:
-2 1 -3 4 -1 2 1 -5 4

输出示例:
6