5 2 3 1 4 1 5 4
8 4 80 70 60 50 40 30 20 10 50
6 1 9 8 7 6 5 4 9
7 3 12 34 56 78 90 23 45 56
10 5 1 2 3 4 5 6 7 8 9 10 6
5 1 7 3 5 2 8 8
6 3 15 25 35 45 55 65 45
7 2 100 200 300 400 500 600 700 600
8 6 5 10 15 20 25 30 35 40 15
9 4 11 22 33 44 55 66 77 88 99 66
5 3 9 7 5 3 1 5
6 2 10 20 30 40 50 60 50
7 4 7 6 5 4 3 2 1 4
8 5 8 7 6 5 4 3 2 1 4
9 3 90 80 70 60 50 40 30 20 10 70
5 4 1 2 3 4 5 2
6 5 6 5 4 3 2 1 2
7 1 10 20 30 40 50 60 70 70
8 2 100 200 300 400 500 600 700 800 700
9 6 9 8 7 6 5 4 3 2 1 4
5 5 5 4 3 2 1 1
6 4 60 50 40 30 20 10 30
7 5 70 60 50 40 30 20 10 30
8 3 80 70 60 50 40 30 20 10 60
9 2 900 800 700 600 500 400 300 200 100 800
5 1 50 40 30 20 10 50
6 6 600 500 400 300 200 100 100
7 3 700 600 500 400 300 200 100 500
8 4 800 700 600 500 400 300 200 100 500
9 5 900 800 700 600 500 400 300 200 100 500
5 2 500 400 300 200 100 400
6 3 600 500 400 300 200 100 400
7 4 700 600 500 400 300 200 100 400
8 5 800 700 600 500 400 300 200 100 400
9 6 900 800 700 600 500 400 300 200 100 400
5 3 500 400 300 200 100 300
6 4 600 500 400 300 200 100 300
7 5 700 600 500 400 300 200 100 300
8 6 800 700 600 500 400 300 200 100 300
9 7 900 800 700 600 500 400 300 200 100 300
5 4 500 400 300 200 100 200
6 5 600 500 400 300 200 100 200
7 6 700 600 500 400 300 200 100 200
8 7 800 700 600 500 400 300 200 100 200
9 8 900 800 700 600 500 400 300 200 100 200
5 5 500 400 300 200 100 100
6 6 600 500 400 300 200 100 100
7 7 700 600 500 400 300 200 100 100
8 8 800 700 600 500 400 300 200 100 100
9 9 900 800 700 600 500 400 300 200 100 100