12 34 56 5634 5656343412
123 456 78 782 789 78978782456123
1 2 3 4 5 54321
987654321 123456789 987654321123456789
45 67 89 23 12 8967452312
1000000 999999 888888 9999998888881000000
7 77 777 7777 7777777777
54321 12345 67890 678905432112345
111 222 333 444 555 555444333222111
999 888 777 666 555 444 999888777666555444
23 45 678 90123 901236784523
8 88 888 8888 88888 888888888888888
100 200 300 400 500 600 600500400300200100
12 34 56 78 90 123 456 9078564563412312
98765 43210 87654 987658765443210
15 25 35 45 55 65 75 75655545352515
999999999 888888888 777777777 999999999888888888777777777
3 33 333 3333 33333 333333 333333333333333333333
1000 2000 3000 4000 4000300020001000
19 29 39 49 59 69 79 89 8979695949392919
123456 654321 789123 789123654321123456
7 14 21 28 35 42 49 7494235282114
500 400 300 200 100 500400300200100
9999 8888 7777 6666 5555 99998888777766665555
1234 5678 9012 901256781234
45 678 90123 456789 9012367845678945
10 20 30 40 50 60 70 80 90 908070605040302010
1111 2222 3333 4444 4444333322221111
987 654 321 123 456 987654456321123
5 55 555 5555 55555 555555555555555
10000 20000 30000 40000 50000 5000040000300002000010000
12 345 6789 12345 67893451234512
23 234 2345 23456 234567 23456723456234523423
99999 88888 77777 66666 99999888887777766666
15 150 1500 15000 15150150015000
4 44 444 4444 44444 444444 444444444444444444444
123456789 987654321 555555555 987654321555555555123456789
67 89 123 456 789 8978967456123
100000000 200000000 300000000 300000000200000000100000000
9 99 999 9999 99999 999999999999999
3456 7890 12345 67890 789067890345612345
13 26 39 52 65 78 786552392613
777777 888888 999999 999999888888777777
56 789 1234 56789 78956789561234
2345 6789 12345 56789 123456 678956789234512345612345
17 34 51 68 85 102 8568513417102
666 777 888 999 999888777666
34567 12345 89012 890123456712345
2345678 1234567 8765432 876543223456781234567
8 80 800 8000 80000 880800800080000